159.65,2396138,1513371600234
159.65,2396138,1513371600234
159.65,2396138,1513371600234
